area_arg_2,area_arg_2_mean,ave_group_rot_o_mean_mean_mean
346.41016151377545,346.4101615137753,0.00047142371284126714
1732.0508075688772,1732.0508075688772,0.07761310443568363
3464.1016151377544,3464.101615137754,0.48775513126073056
4330.127018922193,4330.127018922193,0.223052912343489
5196.152422706632,5196.152422706632,0.21915786228852116
6928.203230275509,6928.203230275508,0.362216211948759
8660.254037844386,8660.254037844385,0.6567137099092808
13856.406460551018,13856.406460551016,0.023878511933233842
22000.0,22000.0,0.0008164741922655901
